100
5
15

-3 -2 -4 -5 -2 4 -5 -4 2 3 5 -4 7 6 6 2 5 -4 -7 3 7 2 1 6 2 -4 -6 1 -5 3 0 -6 -2 -2 -6 2 5 -4 -6 -1 4 6 4 5 6 -2 0 5 -3 -3 7 -7 3 3 7 2 0 -3 2 -6 7 0 -5 0 1 -7 6 7 5 1 6 -3 -5 6 6 -3 -3 6 -7 2 -5 -5 3 -5 5 7 5 -4 7 3 0 -7 -7 1 -1 2 5 0 -7 5

0 52 109 173 200 174 123 191 52 28 102 164 138 54 40 118 130 193 133 163 35 30 114 174 156 80 31 28 97 125 61 143 111 2 41 82 121 106 175 137 146 4 91 199 72 141 160 54 27 79 195 173 113 38 25 42 72 4 123 75 181 136 70 135 60 49 105 44 116 189 72 102 198 69 122 196 169 22 168 162 20 165 107 19 97 94 184 150 111 66 174 76 26 57 129 102 14 195 75 10 79
52 0 44 184 17 94 33 15 185 134 78 155 185 155 41 32 86 132 136 105 139 190 15 63 182 39 41 114 34 91 88 113 79 69 4 11 86 88 51 25 6 185 140 147 23 35 84 135 12 101 106 73 192 32 104 44 183 20 112 174 200 70 169 2 85 168 112 48 7 117 42 115 129 99 103 167 13 175 39 120 179 124 18 90 198 81 5 111 24 59 60 89 109 66 35 78 32 178 61 15 122
109 44 0 196 148 43 110 72 111 48 118 189 182 68 134 136 196 96 52 123 105 144 157 57 67 100 32 105 41 58 172 126 106 195 167 33 141 105 32 48 178 162 183 131 20 113 135 146 130 62 22 120 154 134 151 44 34 163 101 127 117 77 11 158 165 125 116 33 55 77 91 123 102 91 59 17 109 73 134 23 158 52 62 172 186 71 145 146 89 170 157 166 133 108 65 103 72 47 176 57 128
173 184 196 0 93 135 100 139 96 180 90 36 59 28 52 12 80 33 163 14 190 90 164 61 4 92 105 25 158 176 115 8 55 176 85 128 195 22 106 184 186 118 137 44 199 16 137 132 94 32 112 173 39 171 81 85 137 6 158 193 6 103 126 23 162 35 73 44 66 44 50 146 161 175 158 63 161 185 62 138 166 101 23 11 112 113 64 98 168 45 141 146 150 59 110 19 115 161 92 82 38
200 17 148 93 0 9 170 162 131 29 144 131 88 39 192 120 156 179 176 133 118 62 166 179 48 161 200 159 160 138 64 82 171 85 161 137 16 153 37 163 11 32 126 153 28 5 131 151 197 131 170 18 35 50 143 71 129 103 141 134 191 70 194 110 134 104 121 19 141 56 2 50 105 169 159 188 117 65 56 130 51 2 58 3 73 153 172 25 33 111 100 199 36 38 100 88 31 33 14 128 70
174 94 43 135 9 0 196 133 114 94 152 52 127 170 185 153 181 177 36 33 85 20 200 180 106 180 152 145 65 53 127 84 30 45 13 175 85 74 65 168 55 115 34 21 68 58 72 55 107 148 45 78 69 184 113 160 173 93 54 160 80 73 99 195 18 134 78 153 124 168 85 48 37 39 192 102 30 106 52 156 182 18 118 133 63 120 3 88 37 69 59 83 47 21 106 152 157 70 149 179 158
123 33 110 100 170 196 0 120 151 122 6 189 27 139 8 198 136 26 131 112 36 166 23 101 173 99 97 84 189 91 124 164 46 155 50 145 123 145 83 86 101 1 152 9 115 44 118 46 3 39 171 65 190 102 172 37 98 197 21 153 86 189 120 122 3 143 11 21 179 139 32 178 7 107 18 35 63 195 3 151 185 48 98 24 114 146 86 74 111 93 52 23 102 192 181 62 36 161 86 80 19
191 15 72 139 162 133 120 0 24 161 20 30 161 187 42 52 84 186 95 120 121 20 198 59 17 158 189 152 15 105 12 188 39 1 30 34 11 162 150 101 165 137 98 160 1 117 166 155 20 105 84 162 6 100 68 200 16 193 24 159 49 9 160 22 136 48 170 124 159 62 175 37 71 118 100 68 27 11 133 40 90 169 139 92 146 141 101 138 138 22 142 37 195 26 32 81 140 72 106 3 15
52 185 111 96 131 114 151 24 0 2 125 198 73 42 77 54 132 33 81 28 165 108 164 97 88 118 108 33 138 6 138 146 121 49 187 145 21 119 69 40 3 171 139 5 175 101 138 68 45 122 155 41 162 27 51 155 23 94 6 92 185 29 52 188 50 143 182 109 81 164 117 47 112 56 89 121 58 184 6 33 160 61 182 90 127 27 79 113 39 149 197 183 89 24 110 63 102 181 89 27 153
28 134 48 180 29 94 122 161 2 0 74 166 36 50 54 159 155 183 149 165 198 176 7 171 58 62 84 27 31 25 18 80 187 100 167 52 167 140 37 137 119 192 78 116 175 165 150 105 192 154 92 30 90 113 181 107 66 123 84 10 197 74 94 151 114 149 50 46 28 22 198 117 193 18 113 182 9 159 181 196 36 40 29 25 194 193 116 85 3 148 18 110 108 103 79 165 60 171 78 154 138
102 78 118 90 144 152 6 20 125 74 0 112 114 139 35 7 126 15 106 161 81 186 81 190 13 119 196 71 194 172 84 77 67 80 149 17 43 52 83 131 177 96 128 146 88 67 30 158 198 86 151 185 130 148 102 33 128 110 182 162 142 42 9 54 168 139 183 155 23 54 153 83 80 58 19 181 111 53 147 95 33 127 81 64 88 90 9 186 50 172 132 26 36 34 86 101 62 146 32 48 42
164 155 189 36 131 52 189 30 198 166 112 0 168 187 56 155 79 189 127 160 50 147 194 28 197 125 82 156 27 115 66 8 59 71 114 102 199 176 148 152 164 26 185 136 172 142 74 77 146 7 198 66 148 56 24 97 58 61 86 189 64 83 172 150 136 126 41 104 63 98 147 121 186 134 200 60 136 20 180 119 18 131 126 18 38 79 159 124 122 61 98 144 146 109 53 150 118 37 41 181 126
138 185 182 59 88 127 27 161 73 36 114 168 0 126 151 174 55 150 58 19 48 20 129 61 78 41 189 73 89 130 198 97 56 69 33 94 2 182 26 107 144 131 146 161 185 52 154 190 82 110 43 94 132 53 105 160 112 106 126 130 148 160 12 56 110 38 76 150 187 191 114 164 165 78 39 178 181 106 164 90 194 194 101 8 68 179 102 144 179 128 30 73 22 69 198 37 169 94 110 152 9
54 155 68 28 39 170 139 187 42 50 139 187 126 0 1 112 22 66 141 90 11 40 26 79 33 144 80 172 81 39 93 175 155 35 158 133 158 114 37 46 87 96 17 174 135 59 138 149 9 57 5 130 15 147 70 56 63 16 190 166 36 106 114 106 49 99 187 197 190 167 137 89 183 169 198 118 8 93 174 100 177 58 141 110 51 80 89 133 175 187 38 10 96 143 119 104 164 180 151 197 50
40 41 134 52 192 185 8 42 77 54 35 56 151 1 0 79 75 152 56 111 178 135 174 134 139 97 52 23 35 84 169 55 46 160 192 74 33 109 56 8 9 32 154 107 116 40 156 119 112 185 153 184 104 197 52 78 157 169 1 115 2 175 165 156 198 90 167 38 53 166 200 174 90 29 185 87 145 94 113 168 16 48 136 45 177 34 156 112 53 154 74 163 92 155 147 115 128 123 176 55 118
118 32 136 12 120 153 198 52 54 159 7 155 174 112 79 0 53 111 15 197 148 179 180 110 69 166 2 158 51 110 29 116 46 96 114 36 115 176 18 7 70 173 2 166 190 196 1 189 188 44 117 186 170 49 187 154 12 46 160 162 42 124 74 30 76 65 139 12 23 112 90 48 101 77 174 167 170 61 22 108 14 183 98 185 120 56 160 43 102 25 186 139 100 142 29 125 122 199 57 64 75
130 86 196 80 156 181 136 84 132 155 126 79 55 22 75 53 0 112 200 18 20 93 168 63 196 20 87 127 149 70 55 11 168 124 60 72 52 133 161 14 71 168 120 168 47 141 170 144 26 138 74 176 187 18 160 120 58 80 20 163 91 9 76 83 137 69 21 135 72 34 26 89 58 146 99 117 195 94 195 150 42 23 34 64 62 1 115 47 182 187 26 81 21 88 152 68 133 56 36 41 29
193 132 96 33 179 177 26 186 33 183 15 189 150 66 152 111 112 0 83 46 26 22 166 65 62 17 185 6 87 13 74 8 3 193 133 2 16 33 129 33 68 199 147 8 191 54 111 153 126 17 67 140 100 185 158 122 1 119 174 63 198 71 101 199 88 27 141 190 31 182 92 74 178 180 71 86 49 164 27 46 80 74 113 115 132 77 161 26 71 112 93 14 49 99 127 154 36 25 150 111 99
133 136 52 163 176 36 131 95 81 149 106 127 58 141 56 15 200 83 0 158 101 66 24 9 69 146 158 133 39 176 45 60 33 77 30 147 143 60 96 144 8 38 178 83 114 199 106 73 38 54 44 17 133 14 184 192 103 130 33 68 26 31 146 104 196 179 174 86 15 33 135 171 162 125 127 53 27 146 41 185 2 47 129 6 142 75 43 50 37 69 192 142 49 63 38 75 9 95 82 124 78
163 105 123 14 133 33 112 120 28 165 161 160 19 90 111 197 18 46 158 0 97 137 186 148 132 136 193 103 29 27 128 51 162 17 62 167 182 116 193 102 51 164 33 77 10 102 45 117 83 40 84 139 38 78 68 137 137 106 113 13 153 65 127 33 134 47 152 62 126 117 113 128 80 87 140 73 189 103 142 53 6 92 54 71 165 93 192 107 149 182 84 137 51 177 21 29 65 47 38 156 125
35 139 105 190 118 85 36 121 165 198 81 50 48 11 178 148 20 26 101 97 0 196 121 82 185 153 88 46 58 84 121 46 108 187 80 31 140 88 192 114 168 72 143 88 90 162 93 169 196 69 111 136 80 70 197 101 54 2 15 47 165 158 68 96 191 81 158 123 64 62 147 33 176 127 76 80 128 31 56 75 81 108 42 5 57 2 16 136 182 67 88 1 47 163 182 11 167 189 120 144 173
30 190 144 90 62 20 166 20 108 176 186 147 20 40 135 179 93 22 66 137 196 0 171 38 135 87 32 17 45 164 182 94 154 129 144 51 191 199 101 185 136 58 182 20 65 98 68 60 27 98 68 22 92 9 101 196 118 149 27 73 102 79 168 120 182 158 169 4 155 139 127 46 26 63 56 57 106 49 110 42 16 177 143 112 85 64 44 74 142 12 196 32 63 138 93 116 22 145 108 145 8
114 15 157 164 166 200 23 198 164 7 81 194 129 26 174 180 168 166 24 186 121 171 0 200 52 8 107 161 91 194 69 57 102 53 123 127 145 101 116 3 185 136 10 146 148 122 25 168 123 185 179 60 97 146 26 43 88 152 112 136 86 161 97 104 80 95 47 156 74 148 168 160 61 141 81 27 41 132 176 134 188 131 12 114 122 172 8 97 38 187 153 160 113 184 55 168 9 133 146 20 49
174 63 57 61 179 180 101 59 97 171 190 28 61 79 134 110 63 65 9 148 82 38 200 0 139 52 170 192 48 32 103 135 62 162 122 4 27 21 78 123 73 163 25 25 39 23 121 73 39 58 179 146 148 32 123 44 46 200 34 123 116 117 127 140 85 91 40 59 114 102 14 31 154 111 3 85 68 84 125 88 15 160 34 182 134 112 68 90 130 187 6 25 114 75 147 168 145 109 192 99 157
156 182 67 4 48 106 173 17 88 58 13 197 78 33 139 69 196 62 69 132 185 135 52 139 0 199 85 156 102 30 156 44 5 165 155 31 29 71 155 75 115 168 176 68 156 68 194 87 186 84 71 175 67 119 174 75 30 80 161 117 6 116 129 112 168 44 40 143 17 182 62 41 68 47 70 75 186 100 101 45 10 153 136 26 54 165 98 194 175 152 195 115 101 137 119 172 5 118 113 73 98
80 39 100 92 161 180 99 158 118 62 119 125 41 144 97 166 20 17 146 136 153 87 8 52 199 0 175 112 176 142 160 156 28 70 162 188 179 5 6 195 53 158 125 7 85 147 129 95 74 126 43 149 106 33 47 125 3 111 5 150 36 169 39 195 194 185 51 160 133 34 126 85 190 3 142 118 102 57 73 135 86 142 24 191 108 124 130 163 144 3 50 27 56 200 40 105 42 177 177 194 115
31 41 32 105 200 152 97 189 108 84 196 82 189 80 52 2 87 185 158 193 88 32 107 170 85 175 0 24 114 30 105 5 172 148 114 157 152 113 59 57 185 52 62 192 128 190 124 35 181 118 74 22 95 183 83 56 5 97 155 150 69 44 104 88 117 99 185 108 154 115 96 46 176 105 32 163 87 85 186 171 150 90 177 161 112 8 186 131 137 181 93 135 39 21 93 103 50 132 189 63 154
28 114 105 25 159 145 84 152 33 27 71 156 73 172 23 158 127 6 133 103 46 17 161 192 156 112 24 0 35 86 153 6 33 173 118 145 164 156 80 79 87 132 194 200 106 107 66 194 155 131 159 43 36 144 162 114 129 130 79 67 199 87 50 53 44 54 105 34 9 53 1 77 6 166 101 21 199 127 135 55 93 49 90 67 134 12 191 115 28 68 97 62 67 151 184 61 193 62 107 126 189
97 34 41 158 160 65 189 15 138 31 194 27 89 81 35 51 149 87 39 29 58 45 91 48 102 176 114 35 0 113 167 156 80 179 140 174 131 1 189 134 90 133 158 141 161 110 112 182 184 108 30 83 26 1 82 125 177 106 121 112 155 83 94 112 146 83 176 2 149 187 184 4 31 162 71 134 184 20 150 127 114 34 125 5 173 93 24 185 42 2 140 110 81 114 62 173 38 61 103 192 170
125 91 58 176 138 53 91 105 6 25 172 115 130 39 84 110 70 13 176 27 84 164 194 32 30 142 30 86 113 0 186 73 65 67 88 81 28 176 161 22 128 68 41 54 56 9 101 106 44 199 194 129 78 80 118 177 85 196 159 176 7 87 140 36 46 14 188 89 82 198 18 104 111 155 134 1 114 69 125 12 43 60 127 38 20 38 49 171 4 114 156 24 47 24 93 196 31 90 135 196 80
61 88 172 115 64 127 124 12 138 18 84 66 198 93 169 29 55 74 45 128 121 182 69 103 156 160 105 153 167 186 0 96 56 79 101 45 73 33 68 8 100 25 59 154 121 142 156 168 38 97 79 155 99 187 167 57 101 29 1 45 163 166 37 44 112 135 47 93 132 76 83 2 103 38 10 30 77 64 46 43 56 184 52 182 130 157 27 105 12 191 32 135 151 58 181 4 40 152 68 55 188
143 113 126 8 82 84 164 188 146 80 77 8 97 175 55 116 11 8 60 51 46 94 57 135 44 156 5 6 156 73 96 0 70 66 47 65 138 84 86 19 157 58 80 161 147 188 91 119 32 128 66 177 80 133 158 19 79 74 154 54 185 28 48 59 55 46 59 142 151 112 35 170 98 188 32 199 124 81 75 167 140 1 109 13 128 124 190 163 35 16 153 38 77 122 134 148 4 54 128 98 48
111 79 106 55 171 30 46 39 121 187 67 59 56 155 46 46 168 3 33 162 108 154 102 62 5 28 172 33 80 65 56 70 0 124 55 71 192 62 158 86 139 119 161 35 11 73 180 25 87 139 109 39 130 197 68 182 170 121 98 54 33 70 158 52 54 62 37 172 78 10 121 133 149 151 62 22 159 174 49 147 169 44 67 106 196 166 63 110 84 4 15 118 178 2 71 146 73 123 181 65 42
2 69 195 176 85 45 155 1 49 100 80 71 69 35 160 96 124 193 77 17 187 129 53 162 165 70 148 173 179 67 79 66 124 0 100 82 128 191 87 189 18 110 84 26 23 75 196 194 50 113 180 19 198 158 35 150 82 93 73 198 35 54 94 125 194 5 81 181 45 53 2 64 39 150 17 45 87 22 161 44 150 4 15 194 184 149 176 36 35 118 93 198 194 141 141 34 142 185 140 103 197
41 4 167 85 161 13 50 30 187 167 149 114 33 158 192 114 60 133 30 62 80 144 123 122 155 162 114 118 140 88 101 47 55 100 0 84 160 98 71 154 149 66 102 111 128 95 186 43 200 12 138 59 54 175 58 6 177 48 39 161 164 61 7 22 92 78 121 86 62 121 72 110 104 48 91 150 146 12 86 48 107 45 113 142 83 105 40 150 99 167 22 126 96 70 27 148 33 26 194 178 40
82 11 33 128 137 175 145 34 145 52 17 102 94 133 74 36 72 2 147 167 31 51 127 4 31 188 157 145 174 81 45 65 71 82 84 0 194 185 183 62 13 123 128 11 37 82 129 123 67 127 94 51 81 79 66 143 104 83 187 41 48 10 89 59 100 3 114 131 151 112 11 78 151 113 169 96 198 85 79 165 166 133 50 99 109 145 151 116 110 89 130 125 116 54 2 55 122 59 23 186 81
121 86 141 195 16 85 123 11 21 167 43 199 2 158 33 115 52 16 143 182 140 191 145 27 29 179 152 164 131 28 73 138 192 128 160 194 0 99 25 122 54 146 141 154 104 4 7 113 166 41 75 47 184 158 129 172 3 158 88 174 38 199 192 9 59 50 43 198 29 92 16 153 91 113 116 105 113 83 25 55 190 146 49 93 192 116 159 118 157 136 118 74 110 41 16 104 189 137 168 189 55
106 88 105 22 153 74 145 162 119 140 52 176 182 114 109 176 133 33 60 116 88 199 101 21 71 5 113 156 1 176 33 84 62 191 98 185 99 0 113 39 79 124 100 85 95 108 73 154 140 132 196 33 173 101 38 142 103 43 144 200 170 114 36 177 199 26 195 51 178 141 27 100 124 19 159 126 13 123 69 142 88 50 88 132 6 140 173 141 30 163 19 125 74 91 97 153 15 166 105 13 178
175 51 32 106 37 65 83 150 69 37 83 148 26 37 56 18 161 129 96 193 192 101 116 78 155 6 59 80 189 161 68 86 158 87 71 183 25 113 0 167 24 162 18 41 89 182 6 43 158 59 196 57 42 61 138 78 14 104 28 57 155 160 189 110 69 181 33 143 116 59 95 57 186 104 29 132 199 161 139 182 131 190 131 75 157 21 107 200 44 149 188 56 128 158 58 165 13 91 191 98 129
137 25 48 184 163 168 86 101 40 137 131 152 107 46 8 7 14 33 144 102 114 185 3 123 75 195 57 79 134 22 8 19 86 189 154 62 122 39 167 0 22 70 131 51 19 45 54 180 60 113 165 185 88 170 144 102 66 83 172 195 28 166 41 92 194 109 40 14 108 48 153 180 57 42 129 106 146 170 72 87 92 34 59 55 172 88 22 72 11 186 15 185 179 65 118 32 113 105 43 112 55
146 6 178 186 11 55 101 165 3 119 177 164 144 87 9 70 71 68 8 51 168 136 185 73 115 53 185 87 90 128 100 157 139 18 149 13 54 79 24 22 0 84 198 51 133 43 197 174 79 82 145 7 180 86 78 127 105 12 165 19 82 177 24 33 40 150 55 144 46 189 171 182 100 198 136 176 68 161 162 122 10 92 178 48 27 161 114 109 197 10 126 157 87 24 136 22 122 151 195 18 168
4 185 162 118 32 115 1 137 171 192 96 26 131 96 32 173 168 199 38 164 72 58 136 163 168 158 52 132 133 68 25 58 119 110 66 123 146 124 162 70 84 0 160 44 21 23 40 90 78 154 45 2 131 179 52 199 73 96 182 12 118 87 114 199 199 74 38 43 142 99 97 178 193 156 43 185 50 97 27 121 40 175 95 60 170 59 37 25 35 23 71 32 169 76 95 120 107 166 198 104 25
91 140 183 137 126 34 152 98 139 78 128 185 146 17 154 2 120 147 178 33 143 182 10 25 176 125 62 194 158 41 59 80 161 84 102 128 141 100 18 131 198 160 0 84 99 45 118 81 45 153 64 161 16 149 149 25 44 56 140 38 106 84 6 158 167 8 174 120 168 66 91 6 65 23 157 1 150 53 138 59 96 110 121 178 136 86 75 124 50 84 31 121 4 42 34 117 11 39 188 38 25
199 147 131 44 153 21 9 160 5 116 146 136 161 174 107 166 168 8 83 77 88 20 146 25 68 7 192 200 141 54 154 161 35 26 111 11 154 85 41 51 51 44 84 0 174 142 195 125 57 72 47 179 81 42 198 30 14 77 57 49 155 102 94 81 53 142 13 50 96 187 176 168 187 16 196 48 110 37 22 96 189 137 146 42 183 128 10 86 42 130 49 167 16 78 56 69 133 156 136 43 174
72 23 20 199 28 68 115 1 175 175 88 172 185 135 116 190 47 191 114 10 90 65 148 39 156 85 128 106 161 56 121 147 11 23 128 37 104 95 89 19 133 21 99 174 0 75 182 167 84 163 198 195 86 199 60 109 44 161 163 130 59 99 15 41 63 4 121 49 81 197 160 35 23 185 89 80 11 39 129 166 178 145 122 40 55 60 73 148 32 184 138 193 87 46 123 191 44 77 11 69 172
141 35 113 16 5 58 44 117 101 165 67 142 52 59 40 196 141 54 199 102 162 98 122 23 68 147 190 107 110 9 142 188 73 75 95 82 4 108 182 45 43 23 45 142 75 0 88 186 5 123 150 144 128 76 196 167 189 157 187 80 198 130 5 129 191 116 108 135 177 85 75 77 99 89 113 71 126 113 55 192 114 149 192 71 106 20 91 74 168 133 16 195 65 133 83 46 160 152 40 54 198
160 84 135 137 131 72 118 166 138 150 30 74 154 138 156 1 170 111 106 45 93 68 25 121 194 129 124 66 112 101 156 91 180 196 186 129 7 73 6 54 197 40 118 195 182 88 0 198 112 194 29 31 85 200 110 112 69 190 151 5 111 10 170 189 97 156 188 7 55 170 11 176 27 188 169 76 179 19 145 191 26 35 61 154 9 43 157 56 138 170 29 80 198 144 54 116 137 149 133 65 32
54 135 146 132 151 55 46 155 68 105 158 77 190 149 119 189 144 153 73 117 169 60 168 73 87 95 35 194 182 106 168 119 25 194 43 123 113 154 43 180 174 90 81 125 167 186 198 0 62 124 189 186 109 123 2 133 139 159 183 97 56 35 55 53 26 128 6 69 197 166 189 135 182 153 47 1 158 174 6 75 80 46 144 152 104 121 192 95 173 155 141 144 14 163 114 30 165 54 28 166 150
27 12 130 94 197 107 3 20 45 192 198 146 82 9 112 188 26 126 38 83 196 27 123 39 186 74 181 155 184 44 38 32 87 50 200 67 166 140 158 60 79 78 45 57 84 5 112 62 0 198 112 193 28 65 47 116 126 131 94 184 37 117 39 172 50 8 110 189 66 71 151 11 159 65 159 175 22 96 160 107 20 135 197 116 194 143 37 110 132 91 175 111 138 70 162 1 47 55 49 190 146
79 101 62 32 131 148 39 105 122 154 86 7 110 57 185 44 138 17 54 40 69 98 185 58 84 126 118 131 108 199 97 128 139 113 12 127 41 132 59 113 82 154 153 72 163 123 194 124 198 0 192 96 100 43 82 140 118 47 45 164 146 166 26 122 155 39 142 80 114 186 16 116 100 157 49 158 37 67 69 107 178 197 166 30 116 93 3 76 140 40 24 199 148 10 29 158 189 114 21 3 198
195 106 22 112 170 45 171 84 155 92 151 198 43 5 153 117 74 67 44 84 111 68 179 179 71 43 74 159 30 194 79 66 109 180 138 94 75 196 196 165 145 45 64 47 198 150 29 189 112 192 0 58 163 1 49 76 174 164 34 140 61 135 38 5 86 7 114 28 122 166 40 40 164 146 188 74 47 82 69 69 97 12 42 121 122 101 98 39 74 115 81 17 171 129 32 103 71 77 108 100 154
173 73 120 173 18 78 65 162 41 30 185 66 94 130 184 186 176 140 17 139 136 22 60 146 175 149 22 43 83 129 155 177 39 19 59 51 47 33 57 185 7 2 161 179 195 144 31 186 193 96 58 0 115 72 179 44 184 114 149 106 15 151 66 94 70 62 76 90 151 41 197 150 131 79 175 4 45 18 79 60 141 133 105 57 195 134 94 200 186 173 154 111 179 181 113 152 136 166 148 166 147
113 192 154 39 35 69 190 6 162 90 130 148 132 15 104 170 187 100 133 38 80 92 97 148 67 106 95 36 26 78 99 80 130 198 54 81 184 173 42 88 180 131 16 81 86 128 85 109 28 100 163 115 0 19 39 15 147 126 101 151 62 43 7 193 51 112 125 75 153 26 37 132 132 54 54 192 57 78 18 29 191 5 72 11 49 168 189 109 50 170 151 5 33 84 73 78 133 117 171 83 43
38 32 134 171 50 184 102 100 27 113 148 56 53 147 197 49 18 185 14 78 70 9 146 32 119 33 183 144 1 80 187 133 197 158 175 79 158 101 61 170 86 179 149 42 199 76 200 123 65 43 1 72 19 0 171 112 7 71 49 55 147 12 87 7 142 164 156 13 36 80 171 37 166 112 44 50 53 186 84 3 56 73 172 36 118 152 153 42 112 79 114 15 109 126 180 155 162 18 133 15 121
25 104 151 81 143 113 172 68 51 181 102 24 105 70 52 187 160 158 184 68 197 101 26 123 174 47 83 162 82 118 167 158 68 35 58 66 129 38 138 144 78 52 149 198 60 196 110 2 47 82 49 179 39 171 0 9 100 98 82 142 140 39 129 98 122 138 34 90 18 148 31 26 25 112 101 90 55 106 62 31 110 32 6 104 175 67 96 108 45 82 141 30 95 129 154 149 105 120 106 62 199
42 44 44 85 71 160 37 200 155 107 33 97 160 56 78 154 120 122 192 137 101 196 43 44 75 125 56 114 125 177 57 19 182 150 6 143 172 142 78 102 127 199 25 30 109 167 112 133 116 140 76 44 15 112 9 0 69 76 200 134 35 60 23 41 42 85 7 92 108 112 156 65 175 97 21 196 101 131 172 185 140 85 130 44 12 74 194 106 101 55 86 46 185 78 138 155 160 135 80 196 154
72 183 34 137 129 173 98 16 23 66 128 58 112 63 157 12 58 1 103 137 54 118 88 46 30 3 5 129 177 85 101 79 170 82 177 104 3 103 14 66 105 73 44 14 44 189 69 139 126 118 174 184 147 7 100 69 0 87 81 53 165 4 187 198 92 81 117 88 183 67 50 169 32 8 73 38 122 104 36 156 86 20 197 89 10 200 60 66 44 90 117 20 3 185 140 5 158 62 155 120 67
4 20 163 6 103 93 197 193 94 123 110 61 106 16 169 46 80 119 130 106 2 149 152 200 80 111 97 130 106 196 29 74 121 93 48 83 158 43 104 83 12 96 56 77 161 157 190 159 131 47 164 114 126 71 98 76 87 0 3 175 144 92 55 145 139 24 2 66 9 147 178 191 187 107 174 31 142 155 79 8 20 116 93 30 9 140 22 39 174 31 57 7 49 193 31 155 19 100 192 53 51
123 112 101 158 141 54 21 24 6 84 182 86 126 190 1 160 20 174 33 113 15 27 112 34 161 5 155 79 121 159 1 154 98 73 39 187 88 144 28 172 165 182 140 57 163 187 151 183 94 45 34 149 101 49 82 200 81 3 0 104 183 186 137 11 107 16 155 48 33 158 187 35 155 19 76 92 23 196 151 195 9 180 138 163 183 176 88 182 26 35 124 98 102 172 161 127 118 65 185 84 77
75 174 127 193 134 160 153 159 92 10 162 189 130 166 115 162 163 63 68 13 47 73 136 123 117 150 150 67 112 176 45 54 54 198 161 41 174 200 57 195 19 12 38 49 130 80 5 97 184 164 140 106 151 55 142 134 53 175 104 0 185 195 51 53 52 198 147 154 40 110 86 56 175 196 82 44 196 133 101 75 150 144 144 147 166 110 141 79 131 156 89 2 170 30 111 111 197 62 1 190 32
181 200 117 6 191 80 86 49 185 197 142 64 148 36 2 42 91 198 26 153 165 102 86 116 6 36 69 199 155 7 163 185 33 35 164 48 38 170 155 28 82 118 106 155 59 198 111 56 37 146 61 15 62 147 140 35 165 144 183 185 0 51 102 124 81 147 31 122 104 47 81 156 38 117 187 157 74 132 141 134 172 144 184 102 104 80 32 98 42 170 197 110 118 95 108 4 114 69 12 185 66
136 70 77 103 70 73 189 9 29 74 42 83 160 106 175 124 9 71 31 65 158 79 161 117 116 169 44 87 83 87 166 28 70 54 61 10 199 114 160 166 177 87 84 102 99 130 10 35 117 166 135 151 43 12 39 60 4 92 186 195 51 0 140 56 79 34 11 56 133 101 176 78 167 47 85 4 80 19 84 47 11 101 158 159 162 167 114 105 90 38 194 88 186 6 82 31 57 176 163 2 89
70 169 11 126 194 99 120 160 52 94 9 172 12 114 165 74 76 101 146 127 68 168 97 127 129 39 104 50 94 140 37 48 158 94 7 89 192 36 189 41 24 114 6 94 15 5 170 55 39 26 38 66 7 87 129 23 187 55 137 51 102 140 0 114 191 111 55 102 162 105 115 114 115 79 164 170 107 196 19 100 197 8 17 55 163 157 7 78 45 19 55 196 122 105 31 89 127 130 55 122 104
135 2 158 23 110 195 122 22 188 151 54 150 56 106 156 30 83 199 104 33 96 120 104 140 112 195 88 53 112 36 44 59 52 125 22 59 9 177 110 92 33 199 158 81 41 129 189 53 172 122 5 94 193 7 98 41 198 145 11 53 124 56 114 0 168 71 62 45 76 137 13 114 28 129 2 4 199 196 167 42 63 64 149 96 103 152 58 179 108 26 111 177 185 200 66 36 57 167 123 176 157
60 85 165 162 134 18 3 136 50 114 168 136 110 49 198 76 137 88 196 134 191 182 80 85 168 194 117 44 146 46 112 55 54 194 92 100 59 199 69 194 40 199 167 53 63 191 97 26 50 155 86 70 51 142 122 42 92 139 107 52 81 79 191 168 0 4 51 135 64 150 50 14 16 152 161 106 195 76 112 144 40 171 179 64 187 103 90 138 111 194 139 200 179 150 23 186 16 67 51 50 43
49 168 125 35 104 134 143 48 143 149 139 126 38 99 90 65 69 27 179 47 81 158 95 91 44 185 99 54 83 14 135 46 62 5 78 3 50 26 181 109 150 74 8 142 4 116 156 128 8 39 7 62 112 164 138 85 81 24 16 198 147 34 111 71 4 0 36 140 40 49 23 19 89 85 130 50 182 23 187 78 186 159 74 151 100 188 32 116 135 141 104 2 168 148 102 124 179 147 154 143 64
105 112 116 73 121 78 11 170 182 50 183 41 76 187 167 139 21 141 174 152 158 169 47 40 40 51 185 105 176 188 47 59 37 81 121 114 43 195 33 40 55 38 174 13 121 108 188 6 110 142 114 76 125 156 34 7 117 2 155 147 31 11 55 62 51 36 0 48 131 168 6 178 58 37 82 163 35 13 153 172 169 69 131 92 191 155 140 109 45 81 98 81 38 180 37 86 127 25 6 191 116
44 48 33 44 19 153 21 124 109 46 155 104 150 197 38 12 135 190 86 62 123 4 156 59 143 160 108 34 2 89 93 142 172 181 86 131 198 51 143 14 144 43 120 50 49 135 7 69 189 80 28 90 75 13 90 92 88 66 48 154 122 56 102 45 135 140 48 0 184 76 115 13 150 132 194 82 52 80 40 56 144 106 195 190 117 65 79 190 95 125 38 183 84 9 158 56 73 135 159 71 43
116 7 55 66 141 124 179 159 81 28 23 63 187 190 53 23 72 31 15 126 64 155 74 114 17 133 154 9 149 82 132 151 78 45 62 151 29 178 116 108 46 142 168 96 81 177 55 197 66 114 122 151 153 36 18 108 183 9 33 40 104 133 162 76 64 40 131 184 0 38 174 86 139 47 23 102 181 56 82 123 32 120 129 161 34 163 9 99 31 95 112 191 72 121 91 17 74 89 73 136 198
189 117 77 44 56 168 139 62 164 22 54 98 191 167 166 112 34 182 33 117 62 139 148 102 182 34 115 53 187 198 76 112 10 53 121 112 92 141 59 48 189 99 66 187 197 85 170 166 71 186 166 41 26 80 148 112 67 147 158 110 47 101 105 137 150 49 168 76 38 0 142 116 77 22 67 82 149 153 126 17 81 52 106 103 178 184 4 80 69 177 108 63 164 53 130 169 38 31 136 33 117
72 42 91 50 2 85 32 175 117 198 153 147 114 137 200 90 26 92 135 113 147 127 168 14 62 126 96 1 184 18 83 35 121 2 72 11 16 27 95 153 171 97 91 176 160 75 11 189 151 16 40 197 37 171 31 156 50 178 187 86 81 176 115 13 50 23 6 115 174 142 0 184 50 153 168 37 11 161 30 120 35 166 121 123 137 122 26 17 60 29 45 171 163 159 22 127 48 191 94 175 187
102 115 123 146 50 48 178 37 47 117 83 121 164 89 174 48 89 74 171 128 33 46 160 31 41 85 46 77 4 104 2 170 133 64 110 78 153 100 57 180 182 178 6 168 35 77 176 135 11 116 40 150 132 37 26 65 169 191 35 56 156 78 114 114 14 19 178 13 86 116 184 0 187 16 33 170 126 104 190 149 108 50 143 121 25 49 73 13 52 2 57 103 28 142 55 102 55 123 112 160 12
198 129 102 161 105 37 7 71 112 193 80 186 165 183 90 101 58 178 162 80 176 26 61 154 68 190 176 6 31 111 103 98 149 39 104 151 91 124 186 57 100 193 65 187 23 99 27 182 159 100 164 131 132 166 25 175 32 187 155 175 38 167 115 28 16 89 58 150 139 77 50 187 0 119 43 99 75 60 81 77 189 76 113 35 177 98 10 152 3 20 86 165 188 135 24 125 36 156 199 38 72
69 99 91 175 169 39 107 118 56 18 58 134 78 169 29 77 146 180 125 87 127 63 141 111 47 3 105 166 162 155 38 188 151 150 48 113 113 19 104 42 198 156 23 16 185 89 188 153 65 157 146 79 54 112 112 97 8 107 19 196 117 47 79 129 152 85 37 132 47 22 153 16 119 0 20 58 12 72 131 106 93 44 96 187 164 144 176 73 157 36 80 94 64 158 13 85 102 2 117 26 186
122 103 59 158 159 192 18 100 89 113 19 200 39 198 185 174 99 71 127 140 76 56 81 3 70 142 32 101 71 134 10 32 62 17 91 169 116 159 29 129 136 43 157 196 89 113 169 47 159 49 188 175 54 44 101 21 73 174 76 82 187 85 164 2 161 130 82 194 23 67 168 33 43 20 0 36 36 75 195 102 60 111 161 18 10 103 46 95 55 148 97 41 173 65 125 75 50 13 75 197 186
196 167 17 63 188 102 35 68 121 182 181 60 178 118 87 167 117 86 53 73 80 57 27 85 75 118 163 21 134 1 30 199 22 45 150 96 105 126 132 106 176 185 1 48 80 71 76 1 175 158 74 4 192 50 90 196 38 31 92 44 157 4 170 4 106 50 163 82 102 82 37 170 99 58 36 0 42 75 181 46 95 63 148 43 87 16 160 53 36 120 18 184 67 2 138 190 101 3 107 41 138
169 13 109 161 117 30 63 27 58 9 111 136 181 8 145 170 195 49 27 189 128 106 41 68 186 102 87 199 184 114 77 124 159 87 146 198 113 13 199 146 68 50 150 110 11 126 179 158 22 37 47 45 57 53 55 101 122 142 23 196 74 80 107 199 195 182 35 52 181 149 11 126 75 12 36 42 0 126 193 88 187 78 59 98 46 157 47 132 65 99 180 152 21 193 148 49 62 146 28 63 82
22 175 73 185 65 106 195 11 184 159 53 20 106 93 94 61 94 164 146 103 31 49 132 84 100 57 85 127 20 69 64 81 174 22 12 85 83 123 161 170 161 97 53 37 39 113 19 174 96 67 82 18 78 186 106 131 104 155 196 133 132 19 196 196 76 23 13 80 56 153 161 104 60 72 75 75 126 0 188 145 162 187 105 143 177 11 33 131 141 77 39 22 52 30 31 154 29 130 35 18 66
168 39 134 62 56 52 3 133 6 181 147 180 164 174 113 22 195 27 41 142 56 110 176 125 101 73 186 135 150 125 46 75 49 161 86 79 25 69 139 72 162 27 138 22 129 55 145 6 160 69 69 79 18 84 62 172 36 79 151 101 141 84 19 167 112 187 153 40 82 126 30 190 81 131 195 181 193 188 0 106 181 150 14 145 40 85 14 26 46 153 25 40 94 121 135 68 46 158 155 27 169
162 120 23 138 130 156 151 40 33 196 95 119 90 100 168 108 150 46 185 53 75 42 134 88 45 135 171 55 127 12 43 167 147 44 48 165 55 142 182 87 122 121 59 96 166 192 191 75 107 107 69 60 29 3 31 185 156 8 195 75 134 47 100 42 144 78 172 56 123 17 120 149 77 106 102 46 88 145 106 0 134 169 159 120 182 185 66 197 102 90 80 177 200 159 163 53 65 41 114 92 108
20 179 158 166 51 182 185 90 160 36 33 18 194 177 16 14 42 80 2 6 81 16 188 15 10 86 150 93 114 43 56 140 169 150 107 166 190 88 131 92 10 40 96 189 178 114 26 80 20 178 97 141 191 56 110 140 86 20 9 150 172 11 197 63 40 186 169 144 32 81 35 108 189 93 60 95 187 162 181 134 0 49 175 46 81 54 17 25 13 35 140 15 38 8 6 143 27 161 87 4 29
165 124 52 101 2 18 48 169 61 40 127 131 194 58 48 183 23 74 47 92 108 177 131 160 153 142 90 49 34 60 184 1 44 4 45 133 146 50 190 34 92 175 110 137 145 149 35 46 135 197 12 133 5 73 32 85 20 116 180 144 144 101 8 64 171 159 69 106 120 52 166 50 76 44 111 63 78 187 150 169 49 0 155 180 144 23 181 85 67 154 149 17 8 160 67 83 57 107 15 91 52
107 18 62 23 58 118 98 139 182 29 81 126 101 141 136 98 34 113 129 54 42 143 12 34 136 24 177 90 125 127 52 109 67 15 113 50 49 88 131 59 178 95 121 146 122 192 61 144 197 166 42 105 72 172 6 130 197 93 138 144 184 158 17 149 179 74 131 195 129 106 121 143 113 96 161 148 59 105 14 159 175 155 0 45 104 3 94 49 117 134 196 8 25 158 140 32 56 195 183 178 21
19 90 172 11 3 133 24 92 90 25 64 18 8 110 45 185 64 115 6 71 5 112 114 182 26 191 161 67 5 38 182 13 106 194 142 99 93 132 75 55 48 60 178 42 40 71 154 152 116 30 121 57 11 36 104 44 89 30 163 147 102 159 55 96 64 151 92 190 161 103 123 121 35 187 18 43 98 143 145 120 46 180 45 0 6 123 62 6 130 188 164 190 132 156 147 196 174 16 40 165 33
97 198 186 112 73 63 114 146 127 194 88 38 68 51 177 120 62 132 142 165 57 85 122 134 54 108 112 134 173 20 130 128 196 184 83 109 192 6 157 172 27 170 136 183 55 106 9 104 194 116 122 195 49 118 175 12 10 9 183 166 104 162 163 103 187 100 191 117 34 178 137 25 177 164 10 87 46 177 40 182 81 144 104 6 0 20 28 118 144 31 197 106 49 95 65 53 122 127 134 68 159
94 81 71 113 153 120 146 141 27 193 90 79 179 80 34 56 1 77 75 93 2 64 172 112 165 124 8 12 93 38 157 124 166 149 105 145 116 140 21 88 161 59 86 128 60 20 43 121 143 93 101 134 168 152 67 74 200 140 176 110 80 167 157 152 103 188 155 65 163 184 122 49 98 144 103 16 157 11 85 185 54 23 3 123 20 0 172 134 3 52 191 185 119 40 114 79 33 150 77 131 161
184 5 145 64 172 3 86 101 79 116 9 159 102 89 156 160 115 161 43 192 16 44 8 68 98 130 186 191 24 49 27 190 63 176 40 151 159 173 107 22 114 37 75 10 73 91 157 192 37 3 98 94 189 153 96 194 60 22 88 141 32 114 7 58 90 32 140 79 9 4 26 73 10 176 46 160 47 33 14 66 17 181 94 62 28 172 0 68 40 24 85 186 183 115 155 17 146 79 181 15 187
150 111 146 98 25 88 74 138 113 85 186 124 144 133 112 43 47 26 50 107 136 74 97 90 194 163 131 115 185 171 105 163 110 36 150 116 118 141 200 72 109 25 124 86 148 74 56 95 110 76 39 200 109 42 108 106 66 39 182 79 98 105 78 179 138 116 109 190 99 80 17 13 152 73 95 53 132 131 26 197 25 85 49 6 118 134 68 0 15 13 12 196 113 139 167 48 115 128 195 189 199
111 24 89 168 33 37 111 138 39 3 50 122 179 175 53 102 182 71 37 149 182 142 38 130 175 144 137 28 42 4 12 35 84 35 99 110 157 30 44 11 197 35 50 42 32 168 138 173 132 140 74 186 50 112 45 101 44 174 26 131 42 90 45 108 111 135 45 95 31 69 60 52 3 157 55 36 65 141 46 102 13 67 117 130 144 3 40 15 0 151 44 129 94 144 152 50 114 38 176 126 94
66 59 170 45 111 69 93 22 149 148 172 61 128 187 154 25 187 112 69 182 67 12 187 187 152 3 181 68 2 114 191 16 4 118 167 89 136 163 149 186 10 23 84 130 184 133 170 155 91 40 115 173 170 79 82 55 90 31 35 156 170 38 19 26 194 141 81 125 95 177 29 2 20 36 148 120 99 77 153 90 35 154 134 188 31 52 24 13 151 0 25 85 168 174 138 189 179 154 57 61 23
174 60 157 141 100 59 52 142 197 18 132 98 30 38 74 186 26 93 192 84 88 196 153 6 195 50 93 97 140 156 32 153 15 93 22 130 118 19 188 15 126 71 31 49 138 16 29 141 175 24 81 154 151 114 141 86 117 57 124 89 197 194 55 111 139 104 98 38 112 108 45 57 86 80 97 18 180 39 25 80 140 149 196 164 197 191 85 12 44 25 0 189 165 188 31 46 5 131 162 7 12
76 89 166 146 199 83 23 37 183 110 26 144 73 10 163 139 81 14 142 137 1 32 160 25 115 27 135 62 110 24 135 38 118 198 126 125 74 125 56 185 157 32 121 167 193 195 80 144 111 199 17 111 5 15 30 46 20 7 98 2 110 88 196 177 200 2 81 183 191 63 171 103 165 94 41 184 152 22 40 177 15 17 8 190 106 185 186 196 129 85 189 0 103 117 61 49 107 61 2 28 62
26 109 133 150 36 47 102 195 89 108 36 146 22 96 92 100 21 49 49 51 47 63 113 114 101 56 39 67 81 47 151 77 178 194 96 116 110 74 128 179 87 169 4 16 87 65 198 14 138 148 171 179 33 109 95 185 3 49 102 170 118 186 122 185 179 168 38 84 72 164 163 28 188 64 173 67 21 52 94 200 38 8 25 132 49 119 183 113 94 168 165 103 0 200 72 10 199 67 96 76 124
57 66 108 59 38 21 192 26 24 103 34 109 69 143 155 142 88 99 63 177 163 138 184 75 137 200 21 151 114 24 58 122 2 141 70 54 41 91 158 65 24 76 42 78 46 133 144 163 70 10 129 181 84 126 129 78 185 193 172 30 95 6 105 200 150 148 180 9 121 53 159 142 135 158 65 2 193 30 121 159 8 160 158 156 95 40 115 139 144 174 188 117 200 0 161 184 99 102 48 141 34
129 35 65 110 100 106 181 32 110 79 86 53 198 119 147 29 152 127 38 21 182 93 55 147 119 40 93 184 62 93 181 134 71 141 27 2 16 97 58 118 136 95 34 56 123 83 54 114 162 29 32 113 73 180 154 138 140 31 161 111 108 82 31 66 23 102 37 158 91 130 22 55 24 13 125 138 148 31 135 163 6 67 140 147 65 114 155 167 152 138 31 61 72 161 0 128 120 120 58 104 46
102 78 103 19 88 152 62 81 63 165 101 150 37 104 115 125 68 154 75 29 11 116 168 168 172 105 103 61 173 196 4 148 146 34 148 55 104 153 165 32 22 120 117 69 191 46 116 30 1 158 103 152 78 155 149 155 5 155 127 111 4 31 89 36 186 124 86 56 17 169 127 102 125 85 75 190 49 154 68 53 143 83 32 196 53 79 17 48 50 189 46 49 10 184 128 0 96 15 87 35 123
14 32 72 115 31 157 36 140 102 60 62 118 169 164 128 122 133 36 9 65 167 22 9 145 5 42 50 193 38 31 40 4 73 142 33 122 189 15 13 113 122 107 11 133 44 160 137 165 47 189 71 136 133 162 105 160 158 19 118 197 114 57 127 57 16 179 127 73 74 38 48 55 36 102 50 101 62 29 46 65 27 57 56 174 122 33 146 115 114 179 5 107 199 99 120 96 0 7 189 172 54
195 178 47 161 33 70 161 72 181 171 146 37 94 180 123 199 56 25 95 47 189 145 133 109 118 177 132 62 61 90 152 54 123 185 26 59 137 166 91 105 151 166 39 156 77 152 149 54 55 114 77 166 117 18 120 135 62 100 65 62 69 176 130 167 67 147 25 135 89 31 191 123 156 2 13 3 146 130 158 41 161 107 195 16 127 150 79 128 38 154 131 61 67 102 120 15 7 0 119 113 133
75 61 176 92 14 149 86 106 89 78 32 41 110 151 176 57 36 150 82 38 120 108 146 192 113 177 189 107 103 135 68 128 181 140 194 23 168 105 191 43 195 198 188 136 11 40 133 28 49 21 108 148 171 133 106 80 155 192 185 1 12 163 55 123 51 154 6 159 73 136 94 112 199 117 75 107 28 35 155 114 87 15 183 40 134 77 181 195 176 57 162 2 96 48 58 87 189 119 0 103 48
10 15 57 82 128 179 80 3 27 154 48 181 152 197 55 64 41 111 124 156 144 145 20 99 73 194 63 126 192 196 55 98 65 103 178 186 189 13 98 112 18 104 38 43 69 54 65 166 190 3 100 166 83 15 62 196 120 53 84 190 185 2 122 176 50 143 191 71 136 33 175 160 38 26 197 41 63 18 27 92 4 91 178 165 68 131 15 189 126 61 7 28 76 141 104 35 172 113 103 0 103
79 122 128 38 70 158 19 15 153 138 42 126 9 50 118 75 29 99 78 125 173 8 49 157 98 115 154 189 170 80 188 48 42 197 40 81 55 178 129 55 168 25 25 174 172 198 32 150 146 198 154 147 43 121 199 154 67 51 77 32 66 89 104 157 43 64 116 43 198 117 187 12 72 186 186 138 82 66 169 108 29 52 21 33 159 161 187 199 94 23 12 62 124 34 46 123 54 133 48 103 0
