48341
17
0 1376 1412 1339 1310 1330 1343 1300 1299 1256 1217 1273 1141 1123 1162 1152 1147 1146 914 1092 1202 1206 951 1041 878 1094 311 876 884 934 858 935 753 1188 1170 730 932 936 980 696 887 916 495 972 904 877 447 476 593 1181 575 431 616 423 573 474 452 363 392 345 174 126 323 320 836 552 300 551 780 287 296 216 230 267 223 236 171 155 168 295 141 91 149 77 350 55 945 43 103 49 362 78 10 156 25 19 9 166 27 306 14 535 572 17 144 15 2 8 102 79 152 64 6 120 154 11 1 16 22 163 4 3 53 5 7 58 62 1037 61 93 1161 35 416 47 13 23 29 38 51 63 54 56 66 490 101 81 562 80 375 117 411 192 82 319 12 133 96 165 202 239 111 237 142 177 587 333 334 602 233 343 479 538 610 492 496 898 797 673 631 663 638 651 656 668 669 675 732 282 385 710 823 894 872 742 760 767 763 917 924 922 926 880 1011 751 957 927 989 1381 1407 996 1066 931 1106 1062 1115 1073 1157 1197 1088 1358 1391 1491 1332 1175 1238 1344 1355 1351 1203 1329 1216 1428 1338 0 
0 1244 1498 1443 1493 1404 1452 1350 1363 1461 1326 1373 1397 1394 1321 1335 1342 1444 1280 1251 1465 1248 1222 1165 973 871 1125 1112 1212 885 1137 881 434 628 726 1048 536 746 442 612 1349 831 1023 744 472 1030 1008 738 759 456 967 443 420 88 139 203 254 197 285 242 26 251 94 70 331 99 321 1287 67 45 204 46 184 241 322 178 60 146 302 327 41 40 39 65 52 37 44 48 36 68 32 42 33 31 28 92 59 18 20 24 34 30 57 71 130 118 487 97 21 819 74 72 85 95 332 212 50 104 243 276 259 340 317 258 119 826 172 297 127 268 231 314 195 281 250 378 353 519 640 355 733 468 471 228 844 84 846 1057 969 1033 1040 1001 1110 1096 1120 1156 1150 1118 1098 1159 1168 1375 1166 1392 1430 1262 1411 1422 1453 1499 0 
0 1045 1416 1365 1235 1117 1210 1211 1116 1415 1434 1100 210 560 1135 1268 1131 854 781 499 703 988 545 813 681 554 557 795 796 478 720 1024 461 805 960 358 341 87 145 313 218 292 69 293 73 217 179 98 199 83 75 1199 76 604 86 90 105 325 160 408 253 482 394 457 440 594 430 1154 451 1061 449 369 330 485 563 970 396 469 976 782 570 964 741 727 908 401 1002 1013 1108 1071 1145 1153 959 1032 1215 1221 963 1177 1347 1171 1291 1172 1374 1186 1261 1283 1393 1473 1482 1353 1204 0 
0 1406 1271 1469 1259 1084 1101 1086 1201 1114 1254 534 1231 1076 1017 859 1005 994 565 825 827 834 1322 773 633 623 422 465 502 507 494 89 255 412 413 493 364 309 310 342 1409 381 481 264 247 270 245 1243 263 198 662 121 150 1348 235 110 112 122 134 183 137 106 107 125 123 186 159 128 162 169 181 131 158 148 129 170 191 220 109 213 215 348 426 246 222 337 229 269 249 368 674 523 260 279 266 404 450 1036 382 290 984 497 438 288 600 466 518 939 667 501 522 776 644 765 665 648 646 660 864 866 734 678 670 764 929 907 802 946 1064 1074 783 771 1379 1341 1377 1420 190 1467 1423 1380 1494 0 
0 755 1239 1333 1233 1174 1167 1442 757 1357 949 1236 766 718 1354 214 853 895 1198 860 1119 850 688 774 525 1178 896 716 503 303 384 429 1122 410 925 725 291 143 289 304 546 175 161 194 693 196 188 632 157 206 176 1028 164 1046 387 136 114 541 173 108 113 968 454 100 151 124 180 1250 185 140 484 189 361 1258 335 370 1038 205 193 211 399 697 393 505 1441 950 388 315 458 339 1208 531 506 620 513 182 1015 856 1009 974 634 1091 1487 1132 1102 1497 1220 1285 1437 1151 1160 1449 1214 0 
0 1463 1426 1395 1263 1417 1272 1269 1371 1314 1308 1093 1058 1281 1173 868 1130 1247 1155 875 941 1000 792 1182 1275 1279 835 785 167 208 395 695 467 453 209 737 1476 294 200 115 132 433 284 147 371 721 153 135 252 248 207 261 116 407 240 1184 377 219 138 187 201 354 427 232 221 244 414 1079 1284 873 498 444 227 462 544 470 500 473 833 752 1431 553 756 786 504 1029 1158 1059 1097 855 1049 226 1025 1389 1021 1436 1164 1400 1257 1192 1489 1471 1297 402 0 
0 1421 607 1334 806 1370 1364 1369 1359 985 709 717 1318 1408 690 642 542 1336 483 986 558 1313 477 475 277 367 405 349 329 328 224 298 225 316 391 234 238 265 257 262 421 274 312 380 415 338 308 428 521 619 256 1223 463 403 561 689 702 627 488 347 301 571 508 617 683 714 799 715 685 748 708 1129 1185 1063 1044 810 1016 1003 983 1228 731 1345 0 
0 614 1189 1128 883 639 750 658 1083 1031 953 867 699 814 807 861 770 643 704 598 515 514 608 966 943 596 654 712 606 586 650 578 569 588 1327 549 516 566 520 307 464 530 359 275 273 528 272 336 271 788 425 435 409 360 441 280 912 299 798 511 584 357 376 346 510 848 419 580 417 400 841 326 509 459 318 1282 356 439 455 512 537 517 900 548 491 1307 577 591 811 590 597 1294 601 1020 870 829 820 784 630 921 1012 1209 1230 911 1113 1018 1195 592 0 
0 1366 1485 1470 1390 1477 1466 1303 1081 1424 1148 1372 1144 1207 1227 1253 1249 1068 1103 1425 1295 779 1042 1458 1109 965 1340 1292 1127 828 1193 981 1245 1007 999 893 1090 991 749 567 637 808 723 649 692 666 657 603 366 448 555 489 977 882 286 324 398 283 390 595 446 460 389 365 948 1095 947 944 942 278 817 1194 1234 1019 1270 1051 1386 1069 1075 1337 1324 1176 1111 1472 1085 1143 1289 979 0 
0 1077 1429 1361 1362 1312 1483 1296 1224 1139 1293 1163 1138 1124 1126 1105 971 1226 1149 1072 1060 1039 890 902 305 622 599 886 386 743 842 374 445 432 843 739 629 793 589 804 418 624 581 397 626 790 372 379 625 424 383 351 344 373 352 436 621 583 574 579 635 672 406 582 437 680 609 661 613 664 701 705 719 713 1237 913 747 837 847 1052 687 1070 920 0 
0 800 1475 909 1378 1255 1286 1454 1360 1439 1027 1136 1026 1384 1219 816 777 1190 1050 1133 1387 987 889 903 857 845 789 838 787 769 740 722 1080 486 677 480 711 803 736 556 524 605 1419 762 735 533 529 547 564 684 671 958 676 686 636 839 1288 791 809 568 707 794 897 1240 863 862 768 962 923 754 775 1319 990 1260 1006 1107 1218 1191 1225 728 1053 1328 1325 1301 1316 1304 1302 0 
0 1496 1486 1402 1478 1457 1043 1399 1382 1089 1388 532 874 892 918 891 938 1004 1010 851 618 1183 812 1196 865 559 615 611 576 879 585 543 550 526 539 527 540 698 824 659 700 745 641 655 940 645 694 729 706 998 801 956 954 992 952 1022 933 930 1082 888 978 975 982 830 1047 778 761 1054 1121 1055 1187 1087 1065 1331 1067 1180 1205 0 
0 1448 840 1267 849 1034 682 1179 1104 758 821 691 652 993 1460 1134 937 928 852 1276 910 1099 995 647 653 679 1317 905 772 815 1464 724 1346 1352 832 955 1078 818 869 899 901 1305 915 961 997 906 1035 1169 1142 1246 1200 1213 1252 1323 1383 1456 1298 1451 1410 1356 1446 1413 1140 1414 1418 1459 0 
0 919 1474 1242 1241 1056 1266 1427 1014 1401 1278 1320 1309 1232 1274 1229 1277 1315 1311 1398 1385 1367 822 0 
0 1290 1264 1265 1306 1440 0 
0 1481 1484 1490 1492 1495 1480 1368 1455 1462 1447 1479 1396 1405 1403 1488 0 
0 1450 1435 1438 1445 1432 1468 1433 0 
