6593
14
1204.800
0 43 990 355 73 88 210 485 204 693 817 423 916 600 266 250 269 208 733 274 769 459 880 955 297 637 732 563 371 26 531 554 61 863 522 248 271 595 268 79 493 652 697 667 758 784 857 979 278 331 964 918 820 31 298 255 962 157 909 143 520 901 172 741 525 717 213 390 701 471 831 828 956 253 46 881 942 243 168 1000 320 401 869 383 557 447 524 514 854 892 103 538 573 976 349 660 933 102 407 774 663 153 290 713 510 486 523 317 16 367 338 84 763 433 105 969 11 187 878 601 169 463 206 22 53 729 988 45 307 377 795 170 481 849 506 808 723 215 28 147 658 783 76 279 339 536 599 59 446 439 900 51 13 19 404 968 867 516 917 311 0 
0 777 736 705 124 122 768 816 570 807 793 92 883 387 752 178 963 373 475 474 212 184 653 293 676 366 582 694 244 347 336 801 897 136 540 659 385 410 162 862 654 326 41 800 692 711 239 824 720 126 327 617 579 352 789 207 503 889 960 576 431 123 921 389 619 225 591 267 513 219 198 399 785 189 264 199 289 388 698 552 4 647 611 171 578 511 241 47 907 259 967 593 898 644 770 882 353 868 429 521 368 478 727 257 254 396 71 648 193 464 887 526 121 0 
0 691 604 419 809 247 908 141 673 480 468 77 131 877 487 191 624 330 386 895 37 542 466 322 562 130 96 519 444 575 767 610 144 922 379 558 836 776 427 539 686 645 798 418 240 802 532 596 134 117 55 455 415 280 129 950 926 975 574 681 931 905 587 140 742 80 484 6 700 227 515 879 421 63 910 33 504 356 997 414 674 786 845 438 229 101 830 394 747 707 321 746 965 541 537 5 67 861 560 436 666 553 811 489 361 50 725 812 434 365 561 66 616 860 530 662 351 345 318 580 78 249 165 584 380 841 928 329 806 469 221 39 844 565 164 181 417 555 242 581 456 108 145 490 381 203 357 49 494 32 151 476 810 166 699 984 109 632 719 722 870 748 332 730 958 200 915 74 936 825 324 17 499 238 875 382 89 467 607 295 735 677 83 640 313 195 94 605 745 846 477 838 411 251 402 235 308 738 392 871 508 133 710 815 914 924 609 664 614 724 0 
0 179 450 796 775 788 927 980 453 642 315 998 492 116 799 545 792 93 740 623 977 273 843 840 703 0 
0 42 981 813 163 182 952 337 342 650 951 959 585 896 749 180 176 34 376 773 630 661 957 904 156 222 797 760 847 82 655 299 1 778 780 95 639 369 995 72 856 937 30 9 852 832 294 370 245 948 85 821 894 970 756 175 932 613 946 119 559 276 449 194 107 505 378 472 183 360 974 971 739 482 938 29 272 716 543 197 425 391 994 790 621 146 479 236 44 762 899 20 275 940 15 220 826 592 448 572 408 437 930 764 818 442 132 906 528 432 859 597 304 547 853 403 779 393 753 626 81 734 409 498 86 192 263 306 158 398 743 460 589 359 999 270 618 507 706 445 341 646 670 925 217 260 0 
0 787 216 424 214 718 305 920 458 38 944 886 721 256 138 226 855 188 533 21 40 771 125 598 919 340 629 111 551 641 671 714 803 287 966 149 675 635 913 628 323 155 90 814 911 405 819 829 876 934 374 583 91 150 839 695 612 319 65 118 64 902 372 781 685 160 112 973 549 288 929 430 113 712 679 98 702 309 683 682 978 594 173 261 546 495 496 891 638 945 983 865 69 285 14 428 462 744 991 281 60 211 35 636 52 161 850 874 314 190 996 344 643 668 139 726 224 704 435 291 567 518 500 375 23 737 890 684 223 346 348 633 509 68 426 577 358 634 363 397 602 406 2 234 884 232 759 70 412 689 18 627 148 48 603 501 177 292 154 888 75 457 142 657 56 754 218 115 106 772 7 590 731 228 548 608 678 454 174 328 715 209 696 873 680 864 343 201 672 903 58 205 3 872 625 766 27 805 62 833 751 400 362 527 262 0 
0 687 943 231 473 277 912 120 827 10 246 114 949 502 99 755 8 622 690 571 127 961 858 517 128 97 0 
0 265 953 564 233 757 534 135 992 972 550 334 483 301 100 709 544 87 649 985 25 761 923 791 350 284 529 303 556 159 823 465 535 237 939 57 568 413 416 54 851 935 0 
0 354 750 842 0 
0 987 258 310 0 
0 834 512 982 0 
0 443 497 137 167 837 196 0 
0 283 804 728 947 606 202 300 954 422 782 12 420 395 669 384 866 941 651 296 835 335 24 586 765 993 325 110 312 708 252 364 893 470 440 989 885 569 794 461 656 848 566 451 452 688 302 441 104 986 316 152 631 185 286 620 230 282 491 615 186 665 0 
0 333 488 822 588 36 0 
