27389
24
0.062
0 617 807 941 33 615 805 35 4 440 12 478 859 486 2 344 3 430 593 1 28 502 404 356 358 361 34 835 335 414 24 803 7 179 65 173 46 49 196 285 472 385 581 605 493 488 307 559 609 515 619 999 0 
0 634 950 804 852 752 6 613 364 276 390 159 659 9 255 5 131 194 14 184 68 19 651 107 726 69 44 231 161 45 20 25 79 318 22 21 743 23 53 707 71 133 109 461 556 136 126 163 167 603 785 323 881 431 636 600 423 169 458 911 395 482 543 709 680 135 0 
0 8 652 915 688 645 934 956 555 552 254 563 689 419 465 243 80 226 52 812 74 10 26 15 70 78 64 87 75 29 13 27 171 51 867 67 147 113 16 17 18 115 129 160 146 170 326 422 11 391 174 289 432 464 225 306 317 592 393 411 383 629 650 601 655 675 702 216 713 706 921 897 771 421 0 
0 957 917 970 142 873 814 729 751 802 546 589 747 654 625 657 847 528 585 635 630 508 497 553 880 397 916 141 438 427 30 492 662 449 40 31 631 62 290 140 644 32 76 54 96 84 241 58 178 781 39 50 104 112 398 119 672 295 121 505 144 120 473 496 348 162 108 224 815 200 199 425 526 205 446 499 628 684 466 627 450 442 744 734 230 345 424 604 661 558 214 572 784 695 740 778 798 865 698 810 736 933 885 0 
0 569 925 918 971 794 926 123 641 468 560 574 681 507 410 586 402 327 37 853 808 93 95 98 365 85 286 72 59 582 82 621 55 166 92 103 622 340 328 239 284 331 139 132 153 745 575 56 346 786 949 128 83 36 294 73 88 143 124 91 150 386 203 304 99 480 149 384 187 247 180 137 823 259 183 296 130 301 518 471 542 105 278 382 235 308 217 588 209 797 403 212 366 202 198 352 587 329 503 576 444 548 608 861 674 906 642 462 229 0 
0 481 975 914 924 670 817 690 691 820 667 599 648 623 591 527 351 271 38 718 66 188 148 48 41 138 249 165 47 57 114 253 189 257 264 122 330 291 387 448 298 618 316 439 311 682 693 302 509 337 768 612 580 561 469 0 
0 43 943 796 721 973 727 777 838 779 606 557 715 517 892 562 435 61 77 280 831 81 932 256 89 197 118 90 451 106 125 154 86 260 145 156 658 274 94 939 42 101 158 452 640 151 912 168 176 800 843 60 63 164 127 0 
0 887 969 944 529 283 821 577 766 756 909 530 547 544 415 379 775 369 305 566 349 303 501 177 102 268 342 191 175 279 155 281 152 97 110 117 320 116 100 211 406 336 443 370 578 961 474 607 982 610 638 703 753 773 475 413 428 570 598 437 763 0 
0 325 882 373 357 549 876 234 297 495 324 266 376 172 359 620 185 733 312 233 181 157 195 299 292 584 314 525 516 111 313 134 531 524 520 649 522 683 533 673 955 537 663 737 788 898 746 0 
0 251 883 907 972 901 182 928 288 869 792 735 833 401 222 186 363 614 272 822 207 193 633 190 277 354 347 433 269 408 429 711 769 470 436 394 463 375 396 818 378 192 322 700 490 780 500 491 206 692 671 532 551 568 977 616 643 666 571 965 669 942 0 
0 445 250 377 392 920 362 204 208 263 201 267 513 602 875 210 275 504 213 227 215 300 759 220 828 223 221 987 565 521 245 273 434 228 252 372 455 261 405 258 407 0 
0 930 896 894 980 995 742 985 564 870 724 981 545 483 536 697 595 519 334 511 510 417 639 485 476 339 705 232 487 460 219 453 550 236 710 783 332 767 891 218 0 
0 656 919 851 935 624 567 447 573 456 850 874 597 265 389 293 287 884 333 374 420 240 343 248 319 596 368 244 774 409 270 895 242 353 238 927 355 246 282 506 579 350 412 799 416 647 237 668 946 664 676 782 716 714 793 717 738 719 953 829 834 903 758 723 962 988 1000 979 0 
0 910 498 863 678 913 739 660 696 467 494 309 712 360 371 825 952 388 381 454 380 262 0 
0 984 321 554 864 732 457 479 878 400 367 338 441 315 477 418 459 399 523 310 484 512 626 646 686 679 665 741 868 699 637 704 761 849 791 341 857 514 839 899 923 0 
0 426 489 0 
0 539 997 958 611 590 936 841 594 534 535 541 685 754 538 632 583 653 830 540 760 836 879 976 854 790 708 0 
0 931 902 827 871 905 846 998 963 860 824 819 991 677 862 806 701 940 922 951 959 993 900 0 
0 749 856 694 908 795 687 0 
0 731 904 722 765 872 888 893 964 960 770 844 840 776 877 938 720 730 890 889 0 
0 967 986 801 947 948 990 813 728 886 966 929 762 816 748 725 750 772 787 755 826 937 757 764 0 
0 809 989 811 789 0 
0 992 832 866 858 837 945 983 848 842 954 974 968 0 
0 845 996 978 994 855 0 
