1923

0 1038 886 215 572 1161 282 452 1440 1410 1301 0
0 1450 568 386 827 306 113 272 1253 257 936 301 793 1484 1371 391 127 1134 982 255 243 169 292 715 149 705 280 0
0 636 1455 471 72 794 997 430 193 1355 98 1293 493 1024 845 649 64 1261 1299 1468 443 718 35 717 638 527 839 702 1473 677 980 295 324 957 1271 754 707 1142 1430 751 14 993 733 692 475 34 228 350 1094 761 1287 260 1303 954 75 1460 1050 791 1242 314 536 1308 319 519 1338 626 611 812 971 1045 978 128 20 1275 1444 389 898 1454 1345 358 551 413 806 390 820 929 744 278 281 1476 629 237 1163 104 95 1264 1195 623 663 1098 645 267 885 1232 932 1392 8 989 955 653 0
0 388 875 1278 661 137 1219 1168 0
0 1402 329 632 0
0 0 0 0 0 0 0 0 0 0 0 0 0 0 0 0 0 0 0 0 0 0 0 0 0 0 0 0
0 951 25 1296 788 1056 634 0 0
0 0 0 0 0 0 0 0 0 0 0 0 0 0 0 0 0 0 0 0 0 0 0 0 0 0
0 0 0 0 0
0 0 0 0 0 0 0 0 0 0 0 0 0 0 0 0 0 0 0 0
0 203 860 1423 1328 582 372 1419 1398 938 691 1030 678 883 96 891 753 1052 1425 429 769 209 1208 482 610 562 1363 713 1302 0 0 0 0 0 0 0 0 0 0 0 0 0 0 0 0 0 0 0 0 0 0 0 0 0 0 0 0 0 0 0 0 0 0 0 0 0 0 0 0 0 0 0 0 0 0 0 0 0 0 0 0 0 0 0 0 0 0 0
0 0 0
0 0 0 0 0 0 0 0 0 0 0 0 0 0 0 0 0 0 0 0 0 0 0 0 0 0 0 0 0 0 0 0 0 0 0 0 0
0 210 1099 51 1494 1416 263 1157 528 712 62 1048 624 654 585 1342 1441 917 924 55 254 1372 1144 311 785 299 1317 828 67 1380 786 1258 160 1357 117 916 157 1160 0 0 0 0 0 0 0 0 0 0 0 0 0 0 0 0 0 0 0 0 0 0 0 0 0 0 0 0 0 0
0 0 0 0 0
0 0 0 0 0 0 0 0 0 0 0 0 0 0 0 0 0 0 0 0 0 0 0 0 0 0 0 0 0 0 0 0 0 0 0 0 0 0 0 0 0 0 0 0 0 0 0 0 0 0 0 0 0 0 0 0 0 0 0 0 0 0 0 0 0 0 0 0 0 0 0 0 0 0 0 0 0 0 0 0 0 0 0 0 0 0 0 0 0 0 0 0 0 0 0 0 0 0 0 0 0 0 0 0 0 0 0 0 0 0 0 0 0 0 0 0 0 0 0 0 0 0 0 0 0 0 0 0 0 0 0 0 0 0 0 0 0 0 0 0 0 0 0 0 0 0 0 0 0 0
0 0 0 0 0 0 0 0 0 0 0 0 0 0 0 0 0 0 0 0 0 0 0 0 0 0 0 0 0 0 0 0 0 0 0 0 0 0 0 0 0 0 0 0 0 0 0 0 0 0 0 0 0 0 0 0 0 0 0 0 0 0 0 0 0 0 0 0 0 0 0 0 0 0 0 0 0
0 0 0 0 0 0 0 0 0 0 0 0 0 0 0 0 0 0 0 0 0 0 0 0 0 0 0 0 0 0 0 0 0 0 0 0 0 0 0
0 165 1421 1171 598 1183 1186 1250 595 28 166 943 134 354 981 491 1254 156 1065 950 1014 843 800 906 1194 738 266 664 556 704 285 73 1191 481 5 1058 472 865 580 455 1162 1426 1054 965 364 416 1310 1164 644 279 1477 1251 91 1456 716 432 1097 1382 564 1364 1496 538 93 365 732 79 656 499 798 1190 1179 435 819 919 540 0 0 0 0 0 0 0 0 0 0 0 0 0 0 0 0 0 0 0 0 0 0 0 0 0 0
0 0 0
0 0 0 0
0 0 0 0
0 0 0 0 0 0 0 0 0 0 0 0 0 0 0 0 0 0 0 0 0 0 0 0 0 0 0 0 0 0 0 0 0 0 0 0 0 0 0 0
0 0 0
0 444 1184 1075 770 983 874 825 221 0 0 0 0 0 0 0
0 0 0 0 0 0
0 0 0 0 0 0 1123 238 742 659 1238 508 345 322 394 859 271 37 123 963 1387 321 240 1320 57 1255 1198 547 1412 1016 1239 466 176 931 251 1085 543 639 1365 1438 1145 318 1012 146 518 1139 42 12 1487 449 1101 579 701 1046 643 479 1004 1391 446 662 676 126 961 1026 546 1125 940 548 1140 183 1102 90 1489 405 0 0 0 0 0 0 0 0 0 0 0
0 0 0