7359
12
0 43 811 60 211 35 244 347 953 134 117 55 455 261 821 326 41 583 749 9 520 368 754 218 31 978 274 291 567 305 566 461 758 615 362 221 39 812 751 677 83 945 983 126 327 550 102 158 917 121 38 944 581 679 695 59 699 432 582 394 359 556 537 5 744 991 957 904 798 369 178 963 172 741 440 989 564 875 152 72 726 777 668 75 115 379 306 503 889 689 334 63 315 718 370 842 954 748 877 185 361 716 543 197 547 593 898 447 302 678 454 25 216 299 631 434 897 650 148 675 768 880 955 856 937 30 793 852 599 100 723 285 728 792 264 783 576 431 123 706 445 469 457 865 69 44 424 577 799 950 350 557 646 803 597 813 848 976 879 421 962 512 304 785 981 980 233 676 366 647 611 473 515 794 341 995 580 272 823 465 876 155 739 236 627 559 276 925 154 820 903 791 843 654 398 913 507 0
0 283 444 575 819 48 412 222 156 375 23 737 486 523 317 16 367 338 84 763 18 382 89 467 784 835 335 24 246 628 541 85 409 870 832 604 858 325 200 915 416 622 607 346 818 354 212 184 653 948 605 930 733 632 927 882 214 572 408 608 829 885 91 574 681 931 57 568 629 553 907 998 938 476 192 376 478 685 160 761 923 960 19 404 836 912 94 672 529 303 571 448 711 771 905 544 226 452 0
0 137 179 450 796 775 773 782 12 420 573 258 310 113 712 518 500 655 245 463 206 202 477 838 135 111 54 56 656 826 986 458 47 191 65 118 64 902 146 238 781 188 256 138 428 462 229 101 598 353 280 129 11 20 275 130 96 690 98 702 125 95 602 406 2 809 247 908 141 339 345 318 453 642 13 810 713 363 397 620 776 427 539 686 37 542 466 922 234 884 232 759 70 357 311 456 298 255 3 795 170 263 579 352 636 52 161 373 475 474 340 80 282 446 855 284 614 755 757 259 967 808 400 750 483 886 971 516 81 734 958 618 313 752 814 729 965 990 850 374 150 968 0
0 691 167 603 40 268 79 493 652 697 667 294 301 110 312 22 479 93 730 266 10 381 174 328 715 114 153 147 658 673 480 468 77 62 6 700 227 909 143 436 265 766 27 805 778 634 58 162 872 15 220 407 774 742 71 433 105 969 762 501 177 187 878 601 169 828 956 142 570 122 281 418 97 128 151 300 50 159 867 223 423 916 228 587 140 849 506 106 536 88 210 260 612 319 292 831 131 482 390 29 271 595 290 207 193 464 717 257 254 824 307 1 633 509 68 205 936 157 278 331 623 176 851 738 392 871 508 133 109 1000 746 422 769 459 688 524 514 854 488 972 521 78 249 645 806 209 8 997 414 674 786 845 438 722 731 892 103 538 693 817 767 34 180 489 343 857 979 342 589 419 17 499 73 99 181 217 495 496 248 230 490 526 194 107 505 144 42 800 195 951 959 964 861 560 588 705 348 396 883 36 323 534 517 895 671 337 725 941 651 873 680 590 413 108 145 914 640 253 586 765 993 171 578 565 116 86 609 932 704 61 863 522 874 186 492 239 165 484 616 860 893 314 190 996 14 355 961 66 119 933 365 720 441 104 120 822 199 289 388 698 410 660 721 528 787 442 132 175 513 219 485 600 545 694 402 940 934 435 919 736 287 692 551 196 0
0 443 868 429 53 273 899 204 613 87 926 377 942 243 168 540 659 163 182 288 532 596 770 235 320 401 869 383 296 535 237 364 201 527 911 451 279 387 415 76 594 173 82 531 554 864 439 891 46 881 701 471 664 530 662 351 519 470 747 707 321 888 491 4 924 745 584 417 555 242 250 269 208 372 839 619 225 481 149 308 136 918 947 606 859 385 164 252 592 112 973 549 403 591 267 797 760 847 277 437 139 344 28 389 74 561 816 124 910 316 21 552 215 946 504 356 558 663 198 399 358 231 384 525 332 896 753 644 32 502 510 297 637 349 624 330 386 563 371 26 943 610 840 683 682 49 494 309 719 533 825 324 732 649 815 569 901 395 669 890 684 430 511 709 921 939 286 900 740 0
0 426 657 788 224 977 295 735 743 92 666 333 970 665 727 166 779 67 844 405 189 830 0
0 617 790 639 626 807 240 802 696 992 935 497 887 621 0
0 834 846 952 928 329 546 949 336 801 241 548 866 906 391 994 322 562 380 841 203 827 638 183 360 974 393 0
0 687 966 293 90 262 862 33 625 894 929 0
0 251 585 987 708 378 472 789 764 630 661 411 635 985 982 51 425 487 772 7 756 833 853 45 920 999 270 724 641 710 984 780 127 0
0 498 670 703 975 213 988 643 837 648 449 460 714 0
0 804 0
