37207
14
0.095
0 1198 1124 1138 1174 1106 1023 1031 996 682 858 920 832 869 808 687 664 655 619 647 160 433 443 556 445 375 393 23 533 127 134 154 133 301 25 300 226 35 180 58 145 102 36 60 28 10 96 9 2 18 1 112 7 3 541 6 4 53 21 5 390 416 14 48 24 113 19 47 159 132 422 366 66 626 56 8 52 425 34 13 142 187 211 183 313 312 189 266 280 272 447 222 303 210 246 255 212 256 455 320 216 503 350 386 346 482 456 417 791 229 263 1200 510 560 570 418 583 485 648 755 1058 868 887 668 790 851 649 1196 918 0 
0 770 1120 773 788 1115 1057 907 855 954 903 927 651 839 910 695 825 654 657 659 853 708 638 524 737 451 475 444 410 221 400 345 325 361 214 206 273 152 169 136 163 265 139 106 75 120 111 73 135 11 167 61 17 30 250 32 50 15 201 12 27 44 306 362 20 37 218 26 29 107 249 220 33 94 284 62 670 100 63 225 16 22 185 31 38 196 174 333 176 261 219 208 604 305 357 376 689 104 188 177 293 440 343 595 409 399 412 457 308 316 403 474 1182 512 491 703 528 270 769 505 1137 661 522 739 704 724 740 1071 812 943 804 831 864 951 1098 977 1096 915 1042 834 784 928 706 899 1094 1150 1104 1164 1189 1154 0 
0 877 1188 991 961 1033 1140 989 960 1077 1003 937 957 684 690 775 732 637 634 952 862 727 837 340 532 756 184 588 572 591 538 564 582 248 199 207 78 129 230 156 182 179 224 356 173 223 247 130 89 118 97 98 148 105 114 55 42 408 124 137 64 95 147 57 49 566 54 51 157 43 40 46 377 90 109 86 39 161 45 110 166 192 314 391 310 354 322 277 260 317 289 922 369 315 324 735 384 904 436 468 239 431 464 347 175 41 253 575 701 536 580 1049 768 442 933 985 1052 1126 1199 1004 1134 1039 878 1128 1194 777 83 0 
0 992 1118 1122 1012 926 849 990 896 866 331 553 581 483 754 463 743 396 299 309 235 283 267 766 486 282 165 164 79 269 281 59 195 92 143 65 84 336 231 242 237 128 190 138 337 342 264 151 140 319 69 349 381 388 232 172 389 275 353 886 730 1011 358 931 623 413 395 490 495 517 1025 546 613 870 76 757 924 612 712 678 846 1053 1186 1100 1099 1190 945 1040 0 
0 480 1028 1013 1009 1034 936 905 890 916 914 829 909 1026 702 983 691 699 675 1038 1197 1160 971 709 429 618 631 640 611 673 563 636 420 694 629 561 411 103 228 209 554 327 274 557 227 87 292 531 74 81 202 516 70 72 122 205 153 530 288 155 126 85 68 241 67 786 1192 71 171 244 125 286 487 291 523 423 481 535 820 240 891 587 666 590 763 630 186 742 765 715 772 779 738 450 809 721 1056 1170 883 1176 1136 0 
0 370 995 1067 838 419 432 589 929 780 462 428 363 397 406 586 833 578 446 615 707 434 191 529 360 639 332 80 803 318 726 518 749 509 234 245 725 477 835 233 251 328 77 335 438 298 215 108 378 82 323 718 254 744 304 294 213 158 1060 119 88 252 500 297 1139 276 295 507 401 236 144 372 262 258 311 257 259 368 203 123 181 200 836 238 197 321 351 379 437 459 374 426 373 204 551 101 576 584 600 627 602 741 596 898 543 811 658 917 633 748 805 822 1016 966 795 897 681 783 852 901 1041 1064 867 1168 881 973 964 0 
0 1020 1179 1151 1027 1135 1177 1133 1148 806 913 848 1035 383 398 467 610 469 723 874 733 387 794 1072 746 394 359 430 1172 1113 597 380 287 278 656 290 149 198 168 121 674 93 116 146 115 117 141 162 131 91 170 178 385 150 435 461 330 367 488 99 194 603 296 731 279 747 392 776 496 677 525 606 193 338 759 750 539 592 767 785 621 544 714 814 902 1022 1036 979 1021 1079 923 934 947 998 807 987 1108 1101 1088 1116 1081 1153 1185 1157 1175 1178 0 
0 268 302 1156 1191 956 1121 1005 1017 1008 1048 1141 515 499 454 895 641 1169 473 628 797 465 781 479 217 449 930 762 787 645 466 789 760 652 686 792 801 751 802 882 693 844 871 1195 1163 1181 876 859 0 
0 1095 513 963 1142 1119 1111 1069 982 1159 1059 1062 1051 941 1010 885 800 843 729 692 778 620 798 879 617 860 774 549 959 796 782 722 642 540 698 484 643 562 593 514 478 476 243 285 365 326 329 334 341 307 339 344 414 382 415 405 352 1145 884 594 1001 608 501 1014 573 688 908 448 271 555 526 700 599 625 958 1073 969 1093 1187 1109 925 472 1158 1165 0 
0 1162 1193 534 1155 875 889 841 1127 842 1123 650 683 944 676 660 810 635 646 728 614 815 605 579 348 489 407 355 364 819 402 371 404 939 527 569 559 710 1087 452 511 1091 1015 424 821 997 598 861 950 872 758 993 441 439 665 609 734 537 1024 1092 1105 1045 894 840 0 
0 1161 1090 1068 1050 1065 873 970 547 736 938 601 574 427 552 458 761 752 1173 1018 542 906 680 818 1171 745 519 493 453 494 521 470 460 471 568 793 577 1167 1006 644 624 421 1129 1102 0 
0 817 1125 1110 1180 1132 1144 1029 1146 1083 1061 1076 1046 1030 717 953 980 994 1007 799 764 771 653 705 667 720 845 713 508 632 565 622 607 504 616 567 558 498 492 506 545 497 520 550 502 571 912 1097 585 548 856 865 1184 968 813 1131 935 0 
0 1043 1089 1070 1114 1112 986 919 1086 1019 972 921 753 828 662 696 824 663 816 685 716 697 679 857 672 850 671 669 719 854 893 892 847 711 830 976 1054 1063 942 946 1055 1084 911 1117 1147 0 
0 1044 1032 1078 999 1107 1103 962 1183 1000 1037 948 1047 978 823 826 984 975 827 880 1085 1066 1149 900 1074 932 965 1080 863 1082 1075 940 1152 981 1130 949 888 967 988 974 955 1166 1143 1002 0 
