6167
16
0 559 1060 326 87 1109 358 1099 350 889 857 565 357 391 263 502 880 1022 753 339 11 50 1108 412 21 386 861 139 648 926 167 1080 469 515 989 683 944 68 180 318 86 44 738 260 175 462 583 446 1041 286 884 1078 482 1172 718 1124 406 534 270 12 1036 928 629 571 155 1015 422 656 223 784 903 973 904 1085 1125 388 96 874 158 379 1055 1178 1075 1141 229 1044 126 1183 4 399 61 732 100 990 1026 1010 568 390 709 856 865 729 173 300 492 876 929 967 837 442 731 465 710 927 728 1073 563 996 685 1188 966 22 146 507 113 887 879 196 97 733 638 420 267 360 190 1190 747 77 268 273 573 835 886 79 630 1071 1149 715 907 959 1074 1140 776 882 582 609 105 274 1037 1115 872 78 957 1069 785 870 1173 328 280 1104 320 1155 1160 433 945 617 119 611 1186 536 1063 1116 103 562 555 727 1154 425 955 909 306 262 711 1142 432 647 602 228 225 99 1112 1039 413 981 111 315 1184 854 488 888 1107 766 224 1061 65 84 160 679 238 662 38 958 982 1001 1181 663 1118 942 456 550 411 680 234 672 57 393 53 802 1138 578 676 132 375 145 336 863 833 246 172 427 634 616 601 385 151 938 805 474 803 914 496 177 392 668 437 853 642 1088 302 348 666 16 325 1023 980 786 137 755 303 544 1092 701 657 226 1156 257 41 923 614 133 106 129 913 653 720 124 299 1009 463 203 840 521 309 798 252 134 475 240 542 206 1170 849 695 825 1193 382 450 254 873 233 245 962 917 943 161 384 82 153 198 163 311 691 377 0 
0 221 1019 26 378 383 1094 287 579 1028 1065 114 317 931 564 947 484 283 438 669 712 1177 237 1150 684 850 1093 344 91 759 1143 744 830 495 361 343 976 292 313 364 717 363 179 594 110 176 794 290 461 607 703 214 143 497 628 102 808 588 28 975 1153 528 118 995 70 60 936 193 338 381 1128 98 821 242 49 7 1113 736 1176 524 115 144 956 919 112 0 
0 470 1089 169 635 408 1189 670 415 459 185 95 52 220 284 1070 581 1016 40 911 714 750 622 1002 584 741 1076 247 1126 1105 1029 681 278 762 135 1025 186 24 705 1134 1127 272 316 104 920 994 219 566 54 859 597 478 76 25 321 932 92 138 81 796 90 165 644 430 181 516 1185 912 650 1098 308 426 621 380 457 200 1192 345 1018 1145 807 585 295 447 1106 397 905 539 410 250 17 253 154 605 418 354 1139 779 992 586 367 395 466 1091 332 836 479 693 577 1079 1052 713 866 1161 706 1100 640 599 444 341 624 554 682 875 1008 595 767 23 353 525 665 523 294 211 249 1066 33 690 839 74 164 806 394 1035 754 0 
0 310 895 409 1059 101 452 964 56 547 832 618 140 147 627 1038 674 281 32 483 745 327 603 1058 700 15 201 541 183 199 593 440 156 355 398 772 494 1012 403 1135 549 758 899 1200 687 514 232 574 778 275 1199 322 1020 623 2 883 506 13 1090 749 51 858 868 600 116 697 855 589 768 453 1166 301 730 643 468 641 282 127 829 612 218 1182 801 352 14 1114 512 770 1027 998 387 974 1163 1021 723 963 608 366 67 527 330 449 498 36 359 1062 661 1123 1049 314 342 826 984 1167 216 235 751 208 748 633 192 389 637 1083 1133 31 773 215 489 0 
0 877 27 239 1007 434 632 845 898 596 557 1147 371 667 552 531 436 258 1014 423 1087 764 799 818 42 1129 906 940 1152 902 897 1111 487 269 1064 472 435 509 20 719 654 48 777 819 716 485 416 334 922 439 708 789 1004 1159 1072 792 481 812 72 625 467 1077 89 636 45 66 797 892 658 890 414 429 881 545 504 265 331 824 846 117 774 1096 441 266 271 362 1006 1120 775 587 756 1045 960 689 724 189 458 761 1082 347 816 540 771 1068 740 520 93 448 592 977 259 335 546 349 885 368 88 0 
0 455 891 356 373 780 894 128 1196 369 1117 107 1003 35 401 296 188 696 560 702 431 5 1017 71 1050 1084 1011 613 62 166 867 1164 142 0 
0 243 688 1040 396 965 19 548 813 372 631 120 83 694 908 871 1195 1102 236 678 707 610 726 518 80 827 59 195 1030 1034 443 477 1110 244 1122 94 782 157 1187 988 561 191 428 556 925 725 402 217 1097 213 1174 1146 569 122 986 64 532 878 815 1158 997 323 783 159 949 407 1067 400 529 493 141 626 1103 852 901 1005 893 910 590 256 646 692 737 1013 162 305 968 108 961 834 365 73 241 184 30 212 473 576 227 121 659 673 530 209 1101 978 746 915 1171 285 1043 580 950 168 1 404 222 660 752 939 1046 937 822 501 346 864 480 698 1157 538 419 152 543 421 505 1194 847 649 0 
0 370 953 795 1179 843 37 197 811 742 18 572 1032 39 517 951 841 417 230 652 993 1165 828 1136 0 
0 513 464 248 277 900 1053 1057 598 131 1042 304 591 800 699 655 820 1132 297 1047 1131 43 34 844 924 58 739 535 952 575 999 921 769 862 500 503 639 276 170 319 123 567 763 499 376 791 46 804 307 374 987 351 324 510 781 896 553 946 570 664 454 979 930 934 486 760 178 187 677 1086 935 251 75 823 0 
0 340 8 204 551 734 522 85 1151 136 288 533 1121 969 671 171 1051 788 941 1180 9 1198 793 1056 289 174 333 972 704 814 312 606 526 279 451 620 264 809 490 860 787 933 810 765 519 1033 130 1054 255 537 1191 869 743 476 1168 210 508 109 1119 1148 47 1197 63 790 838 293 721 1000 985 842 817 831 6 1048 848 471 298 329 757 0 
0 511 948 722 3 491 182 1137 1144 445 645 604 460 69 194 1169 29 261 148 686 149 150 954 1024 55 1031 424 1130 202 558 983 1081 0 
0 615 291 1162 916 918 851 970 0 
0 1095 207 991 651 405 231 675 0 
0 1175 971 619 205 0 
0 10 125 0 
0 337 735 0 
